--Stage 1---
3
4
3
4
3
3
   0      0      0      0
   0      0      0      0
   0      0      0      0

   1      2      3      4
   5      6      7      8
   9     10     11     12

   1      2      3
   2      5      8
   3      8      9

False
False
True
False
True
--Stage 2---
  11     12     13     14
  15     16     17     18
  19    110    111    112

  11     12     13     14
  15     16     17     18
  19    110    111    112

468
--Stage 3---
112
5
997
   1      2      3      4
 997      6      7      8
   9     10     11     12

   1      6     11
100001   100002   100003   100004
100997   100006   100007   100008
100009   100010   100011   100012

--Stage 4---
True
False
False
True
True