--Stage 1---
3
4
3
4
   0      0      0      0
   0      0      0      0
   0      0      0      0

   1      2      3      4
   5      6      7      8
   9     10     11     12

18
--Stage 2---
  11     22     33     44
  55     66     77     88
  99    110    111    112

  11     22     33     44
  55     66     77     88
  99    110    111    112

--Stage 3---
112
2
997
   1    997      3      4
   5      6      7      8
   9     10     11     12

   1    997      3      4
   5      6      7      8
   9     10     11     12

  11     22     33     44
  55     66     77     88
  99    110    111    112

  12   1019     36     48
  60     72     84     96
 108    120    122    124

1001   100997   1003   100004
1005   100006   1007   100008
1009   100010   1011   100012

--Stage 4---
True
False
False
True
True